141 1 141
145 401 141.101
141 803 140.361
144 1205 140.919
138 1605 167.78
147 2006 142.69
141 2406 139.84
135 2807 144.719
138 3207 141.82
140 3610 140.085
140 4010 145.858
135 4410 138.496
141 4811 139.143
143 5213 140.756
136 5614 139.597
142 6014 140.074
139 6414 141.023
228 6817 178.113
139 7217 139.235
140 7617 138.912
136 8017 184.555
137 8417 139.88
139 8817 140.122
140 9217 154.721
139 9618 139.449
138 10018 138.919
137 10418 146.648
141 10818 140.813
143 11219 141.221
140 11619 142.939
141 12019 139.803
143 12419 140.076
146 12819 144.558
145 13220 141.349
139 13620 139.587
142 14020 143.141
143 14421 140.611
137 14821 140.274
141 15221 140.519
141 15621 139.276
138 16021 138.897
141 16421 140.202
135 16821 142.225
144 17222 140.735
138 17622 140.795
165 18022 151.503
142 18422 139.667
140 18822 140.129
139 19223 163.427
135 19623 138.379
141 20024 139.681
137 20424 148.958
138 20824 139.31
140 21225 139.707
140 21626 145.474
135 22026 138.584
140 22426 138.665
136 22826 140.455
139 23228 138.648
140 23629 139.444
140 24029 140.382
141 24429 139.962
141 24829 139.438
137 25229 140.191
142 25629 139.396
139 26029 139.412
138 26429 139.333
150 26830 146.837
143 27230 145.973
147 27630 145.71
278 28030 209.859
149 28432 147.069
143 28833 146.169
149 29233 153.529
149 29633 146.504
143 30033 146.248
149 30436 153.916
150 30836 146.465
150 31239 147.719
143 31639 147.528
147 32040 146.75
150 32441 146.458
143 32841 147.444
151 33241 146.703
145 33642 145.758
142 34042 146.835
178 34442 166.33
152 34842 147.352
149 35242 147.213
164 35642 170.692
144 36042 144.64
143 36442 145.141
147 36842 158.247
151 37242 147.486
146 37642 146.212
149 38042 176.06
143 38443 146.1
147 38843 145.581
151 39243 155.243
143 39643 145.465
146 40043 145.976
147 40443 146.935
142 40844 145.288
143 41245 146.004
149 41646 148.408
143 42047 145.701
149 42447 147.159
151 42847 147.97
142 43247 145.615
151 43647 147.478
142 44047 146.162
142 44447 145.02
149 44847 146.827
143 45247 146.241
326 45647 191.246
144 46047 146.229
151 46447 148.103
207 46848 192.416
146 47248 146.246
146 47649 145.213
142 48049 161.779
147 48449 146.461
145 48849 145.449
152 49249 154.646
150 49649 147.521
144 50049 146.695
146 50449 160.832
150 50849 148.04
147 51249 146.308
147 51650 149.224
147 52050 146.406
147 52450 146.856
147 52850 147.013
146 53250 145.69
151 53651 147.364
144 54052 146.291
149 54452 146.694
147 54852 146.655
144 55253 146.106
147 55653 145.381
151 56054 148.152
145 56455 147.157
171 56855 157.657
144 57256 147.175
147 57657 147.373
145 58058 172.983
148 58460 147.392
153 58860 149.949
147 59264 153.298
145 59664 146.846
143 60065 146.806
147 60465 148.714
151 60866 147.482
145 61268 145.385
150 61671 147.212
151 62071 170.777
147 62471 147.417
149 62871 148.301
144 63272 166.922
148 63674 147.186
148 64075 145.851
151 64476 148.151
148 64876 146.282
145 65276 145.215
150 65678 148.255
151 66078 147.624
145 66478 146.15
143 66879 146.728
152 67282 185.802
147 67682 147.198
149 68084 146.724
146 68484 179.03
149 68885 147.21
147 69287 145.989
146 69688 152.296
144 70089 147.097
146 70490 145.592
144 70890 148.494
142 71291 145.804
148 71691 147.007
145 72092 147.039
147 72492 146.758
149 72892 147.046
149 73293 148.006
182 73693 163.828
144 74093 146.558
145 74493 145.189
216 74893 180.569
147 75293 145.792
149 75693 145.926
146 76093 175.185
148 76494 146.707
142 76895 145.754
148 77296 154.47
151 77696 147.248
148 78096 146.858
147 78496 153.072
145 78896 146.465
146 79296 146.367
145 79696 146.996
150 80096 147.764
151 80496 146.985
151 80897 148.429
148 81297 146.783
147 81697 147.087
150 82097 147.194
143 82497 146.01
150 82897 146.386
143 83297 146.205
146 83697 146.439
156 84098 149.915
146 84499 146.48
160 84899 159.078
149 85299 146.583
146 85699 147.603
213 86099 182.891
