1 196.853
2 306.859
3 201.052
4 202.266
5 196.322
6 204.181
7 204.049
8 203.088
9 198.486
10 203.808
11 199.515
12 200.205
13 203.005
14 221.108
15 203.385
16 196.768
17 199.267
18 194.678
19 201.449
20 195.421
21 197.741
22 316.037
23 194.491
24 195.271
25 204.822
26 194.369
27 197.003
28 199.443
29 199.602
30 198.566
31 192.541
32 195.319
33 205.617
34 223.136
35 202.416
36 212.650
37 202.902
38 195.902
39 194.827
40 202.248
41 204.134
42 197.741
43 213.049
44 202.255
45 201.889
46 197.495
47 201.356
48 199.768
49 250.571
50 207.861
51 204.735
52 199.367
53 198.173
54 199.305
55 195.113
56 194.454
57 197.980
58 197.043
59 198.871
60 206.735
61 197.724
62 195.170
63 200.289
64 195.504
65 213.831
66 201.958
67 197.869
68 199.189
69 195.201
70 202.974
71 197.994
72 198.635
73 196.230
74 197.107
75 *
76 195.676
77 240.037
78 199.437
79 198.106
80 198.934
81 196.096
82 199.049
83 194.430
84 199.609
85 195.325
86 195.179
87 202.424
88 202.965
89 199.574
90 201.298
91 195.760
92 201.930
93 197.723
94 198.565
95 196.249
96 200.913
97 196.875
98 199.929
99 198.864
100 197.854
101 198.411
102 197.700
103 196.003
104 203.144
105 201.474
106 200.621
107 198.958
108 195.024
109 *
110 201.282
111 201.435
112 211.451
113 197.331
114 197.554
115 199.297
116 192.149
117 200.457
118 193.668
119 200.747
120 194.143
121 195.672
122 199.145
123 198.882
124 205.447
125 196.125
126 197.449
127 194.555
128 293.769
129 196.534
130 199.222
131 197.265
132 462.646
133 203.898
134 197.816
135 194.483
136 197.362
137 201.789
138 203.843
139 200.118
140 206.944
141 204.356
142 198.023
143 199.692
144 199.366
145 306.170
146 199.000
147 201.301
148 196.145
149 202.861
150 198.259
151 205.607
152 199.530
153 225.594
154 199.418
155 203.592
156 207.985
157 198.400
158 202.015
159 203.027
160 195.928
161 201.373
162 236.518
163 194.438
164 195.171
165 197.952
166 486.022
167 199.666
168 197.743
169 192.983
170 198.266
171 281.879
172 209.156
173 196.701
174 263.496
175 198.726
176 212.758
177 195.809
178 277.602
179 193.284
180 201.110
181 206.623
182 230.794
183 197.844
184 262.864
185 200.515
186 194.416
187 196.877
188 215.376
189 301.279
190 199.314
191 200.249
192 220.002
193 193.178
194 201.147
195 196.844
196 198.321
197 195.686
198 199.202
199 195.639
200 228.419
201 195.676
202 196.050
203 230.381
204 195.649
205 194.074
206 209.699
207 199.398
208 195.915
209 209.752
210 192.867
211 198.850
212 230.898
213 282.731
214 203.164
215 194.185
216 198.124
217 200.488
218 194.194
219 194.607
220 195.261
221 197.208
222 192.858
223 199.246
224 204.037
225 195.570
226 198.964
227 198.234
228 192.276
229 *
230 202.190
231 199.638
232 193.447
233 193.985
234 194.003
235 191.430
236 200.791
237 199.532
238 195.300
239 193.968
240 203.005
241 200.294
242 196.124
243 198.543
244 201.967
245 194.779
246 196.532
247 207.326
248 *
249 194.311
250 203.611
251 197.450
252 200.898
253 216.346
254 197.206
255 192.470
256 202.785
257 214.921
258 194.385
259 200.579
260 195.731
261 197.084
262 198.380
263 195.839
264 200.011
265 194.862
266 197.681
267 196.237
268 203.854
269 202.775
270 192.860
271 193.237
272 196.565
273 196.987
274 199.592
275 194.773
276 196.673
277 197.141
278 197.893
279 198.475
280 202.631
281 200.453
282 195.472
283 207.192
284 275.839
285 197.490
286 197.854
287 203.517
288 195.816
289 201.919
290 196.600
291 193.401
292 202.107
293 200.248
294 194.531
295 200.982
296 196.153
297 195.533
298 200.322
299 196.845
300 203.304
301 298.644
302 193.399
303 314.739
304 201.457
305 243.907
306 202.995
307 198.431
308 194.590
309 221.044
310 195.517
311 202.335
312 196.049
313 196.064
314 204.538
315 199.816
316 215.453
317 197.662
318 193.538
319 202.241
320 202.724
321 197.586
322 198.576
323 270.834
324 193.697
325 195.047
326 199.626
327 199.027
328 198.995
329 199.996
330 193.014
331 202.407
332 200.755
333 192.518
334 199.039
335 196.819
336 194.006
337 198.799
338 251.295
339 195.460
340 200.880
341 194.029
342 199.237
343 199.190
344 200.450
345 195.004
346 200.098
347 197.198
348 195.165
349 195.298
350 203.009
351 204.935
352 205.552
353 202.648
354 198.783
355 196.643
356 198.730
357 197.801
358 195.239
359 202.706
360 200.861
361 194.415
362 196.762
363 197.697
364 200.558
365 192.114
366 202.146
367 199.255
368 201.437
369 199.844
370 196.218
371 202.976
372 198.330
373 241.211
374 199.156
375 201.421
376 197.301
377 197.242
378 195.448
379 202.243
380 192.897
381 197.045
382 201.031
383 200.238
384 199.870
385 202.424
386 198.432
387 195.965
388 203.689
389 198.895
390 198.755
391 199.308
392 195.594
393 198.196
394 193.134
395 200.871
396 200.016
397 200.765
398 198.425
399 196.751
400 193.160
401 197.354
402 197.381
403 201.830
404 194.117
405 202.324
406 231.304
407 201.022
408 193.848
409 198.101
410 192.527
411 196.517
412 193.822
413 196.508
414 200.765
415 201.749
416 244.039
417 200.530
418 197.077
419 196.260
420 201.317
421 202.414
422 194.892
423 204.534
424 310.953
425 221.810
426 198.579
427 204.397
428 203.852
429 199.727
430 311.185
431 203.039
432 205.984
433 262.857
434 197.476
435 196.269
436 195.414
437 204.974
438 196.642
439 213.538
440 219.768
441 195.104
442 419.823
443 199.150
444 199.068
445 195.812
446 195.959
447 202.148
448 200.069
449 314.160
450 196.693
451 306.964
452 307.743
453 305.503
454 232.168
455 204.286
456 199.090
457 202.235
458 204.393
459 203.695
460 198.463
461 222.628
462 200.170
463 202.741
464 197.756
465 313.369
466 408.647
467 305.937
468 339.107
469 279.367
470 201.048
471 194.341
472 200.643
473 203.094
474 395.226
475 199.187
476 210.400
477 199.518
478 307.168
479 224.627
480 199.791
481 194.627
482 320.342
483 284.365
484 194.124
485 201.429
486 195.791
487 199.100
488 195.907
489 203.391
490 199.815
491 218.513
492 199.170
493 197.571
494 201.126
495 321.541
496 201.252
497 195.938
498 223.697
499 299.290
500 193.989
501 201.784
502 196.118
503 203.400
504 197.953
505 195.023
506 196.826
507 *
508 201.162
509 *
510 ms
511 199.248
512 202.442
513 203.927
