0.00197628 191.430
0.00395257 192.114
0.00592885 192.149
0.00790514 192.276
0.00988142 192.470
0.0118577 192.518
0.013834 192.527
0.0158103 192.541
0.0177866 192.858
0.0197628 192.860
0.0217391 192.867
0.0237154 192.897
0.0256917 192.983
0.027668 193.014
0.0296443 193.134
0.0316206 193.160
0.0335968 193.178
0.0355731 193.237
0.0375494 193.284
0.0395257 193.399
0.041502 193.401
0.0434783 193.447
0.0454545 193.538
0.0474308 193.668
0.0494071 193.697
0.0513834 193.822
0.0533597 193.848
0.055336 193.968
0.0573123 193.985
0.0592885 193.989
0.0612648 194.003
0.0632411 194.006
0.0652174 194.029
0.0671937 194.074
0.06917 194.117
0.0711462 194.124
0.0731225 194.143
0.0750988 194.185
0.0770751 194.194
0.0790514 194.311
0.0810277 194.341
0.083004 194.369
0.0849802 194.385
0.0869565 194.415
0.0889328 194.416
0.0909091 194.430
0.0928854 194.438
0.0948617 194.454
0.0968379 194.483
0.0988142 194.491
0.100791 194.531
0.102767 194.555
0.104743 194.590
0.106719 194.607
0.108696 194.627
0.110672 194.678
0.112648 194.773
0.114625 194.779
0.116601 194.827
0.118577 194.862
0.120553 194.892
0.12253 195.004
0.124506 195.023
0.126482 195.024
0.128458 195.047
0.130435 195.104
0.132411 195.113
0.134387 195.165
0.136364 195.170
0.13834 195.171
0.140316 195.179
0.142292 195.201
0.144269 195.239
0.146245 195.261
0.148221 195.271
0.150198 195.298
0.152174 195.300
0.15415 195.319
0.156126 195.325
0.158103 195.414
0.160079 195.421
0.162055 195.448
0.164032 195.460
0.166008 195.472
0.167984 195.504
0.16996 195.517
0.171937 195.533
0.173913 195.570
0.175889 195.594
0.177866 195.639
0.179842 195.649
0.181818 195.672
0.183794 195.676
0.185771 195.676
0.187747 195.686
0.189723 195.731
0.1917 195.760
0.193676 195.791
0.195652 195.809
0.197628 195.812
0.199605 195.816
0.201581 195.839
0.203557 195.902
0.205534 195.907
0.20751 195.915
0.209486 195.928
0.211462 195.938
0.213439 195.959
0.215415 195.965
0.217391 196.003
0.219368 196.049
0.221344 196.050
0.22332 196.064
0.225296 196.096
0.227273 196.118
0.229249 196.124
0.231225 196.125
0.233202 196.145
0.235178 196.153
0.237154 196.218
0.23913 196.230
0.241107 196.237
0.243083 196.249
0.245059 196.260
0.247036 196.269
0.249012 196.322
0.250988 196.508
0.252964 196.517
0.254941 196.532
0.256917 196.534
0.258893 196.565
0.26087 196.600
0.262846 196.642
0.264822 196.643
0.266798 196.673
0.268775 196.693
0.270751 196.701
0.272727 196.751
0.274704 196.762
0.27668 196.768
0.278656 196.819
0.280632 196.826
0.282609 196.844
0.284585 196.845
0.286561 196.853
0.288538 196.875
0.290514 196.877
0.29249 196.987
0.294466 197.003
0.296443 197.043
0.298419 197.045
0.300395 197.077
0.302372 197.084
0.304348 197.107
0.306324 197.141
0.3083 197.198
0.310277 197.206
0.312253 197.208
0.314229 197.242
0.316206 197.265
0.318182 197.301
0.320158 197.331
0.322134 197.354
0.324111 197.362
0.326087 197.381
0.328063 197.449
0.33004 197.450
0.332016 197.476
0.333992 197.490
0.335968 197.495
0.337945 197.554
0.339921 197.571
0.341897 197.586
0.343874 197.662
0.34585 197.681
0.347826 197.697
0.349802 197.700
0.351779 197.723
0.353755 197.724
0.355731 197.741
0.357708 197.741
0.359684 197.743
0.36166 197.756
0.363636 197.801
0.365613 197.816
0.367589 197.844
0.369565 197.854
0.371542 197.854
0.373518 197.869
0.375494 197.893
0.37747 197.952
0.379447 197.953
0.381423 197.980
0.383399 197.994
0.385375 198.023
0.387352 198.101
0.389328 198.106
0.391304 198.124
0.393281 198.173
0.395257 198.196
0.397233 198.234
0.399209 198.259
0.401186 198.266
0.403162 198.321
0.405138 198.330
0.407115 198.380
0.409091 198.400
0.411067 198.411
0.413043 198.425
0.41502 198.431
0.416996 198.432
0.418972 198.463
0.420949 198.475
0.422925 198.486
0.424901 198.543
0.426877 198.565
0.428854 198.566
0.43083 198.576
0.432806 198.579
0.434783 198.635
0.436759 198.726
0.438735 198.730
0.440711 198.755
0.442688 198.783
0.444664 198.799
0.44664 198.850
0.448617 198.864
0.450593 198.871
0.452569 198.882
0.454545 198.895
0.456522 198.934
0.458498 198.958
0.460474 198.964
0.462451 198.995
0.464427 199.000
0.466403 199.027
0.468379 199.039
0.470356 199.049
0.472332 199.068
0.474308 199.090
0.476285 199.100
0.478261 199.145
0.480237 199.150
0.482213 199.156
0.48419 199.170
0.486166 199.187
0.488142 199.189
0.490119 199.190
0.492095 199.202
0.494071 199.222
0.496047 199.237
0.498024 199.246
0.5 199.248
0.501976 199.255
0.503953 199.267
0.505929 199.297
0.507905 199.305
0.509881 199.308
0.511858 199.314
0.513834 199.366
0.51581 199.367
0.517787 199.398
0.519763 199.418
0.521739 199.437
0.523715 199.443
0.525692 199.515
0.527668 199.518
0.529644 199.530
0.531621 199.532
0.533597 199.574
0.535573 199.592
0.537549 199.602
0.539526 199.609
0.541502 199.626
0.543478 199.638
0.545455 199.666
0.547431 199.692
0.549407 199.727
0.551383 199.768
0.55336 199.791
0.555336 199.815
0.557312 199.816
0.559289 199.844
0.561265 199.870
0.563241 199.929
0.565217 199.996
0.567194 200.011
0.56917 200.016
0.571146 200.069
0.573123 200.098
0.575099 200.118
0.577075 200.170
0.579051 200.205
0.581028 200.238
0.583004 200.248
0.58498 200.249
0.586957 200.289
0.588933 200.294
0.590909 200.322
0.592885 200.450
0.594862 200.453
0.596838 200.457
0.598814 200.488
0.600791 200.515
0.602767 200.530
0.604743 200.558
0.606719 200.579
0.608696 200.621
0.610672 200.643
0.612648 200.747
0.614625 200.755
0.616601 200.765
0.618577 200.765
0.620553 200.791
0.62253 200.861
0.624506 200.871
0.626482 200.880
0.628458 200.898
0.630435 200.913
0.632411 200.982
0.634387 201.022
0.636364 201.031
0.63834 201.048
0.640316 201.052
0.642292 201.110
0.644269 201.126
0.646245 201.147
0.648221 201.162
0.650198 201.252
0.652174 201.282
0.65415 201.298
0.656126 201.301
0.658103 201.317
0.660079 201.356
0.662055 201.373
0.664032 201.421
0.666008 201.429
0.667984 201.435
0.66996 201.437
0.671937 201.449
0.673913 201.457
0.675889 201.474
0.677866 201.749
0.679842 201.784
0.681818 201.789
0.683794 201.830
0.685771 201.889
0.687747 201.919
0.689723 201.930
0.6917 201.958
0.693676 201.967
0.695652 202.015
0.697628 202.107
0.699605 202.146
0.701581 202.148
0.703557 202.190
0.705534 202.235
0.70751 202.241
0.709486 202.243
0.711462 202.248
0.713439 202.255
0.715415 202.266
0.717391 202.324
0.719368 202.335
0.721344 202.407
0.72332 202.414
0.725296 202.416
0.727273 202.424
0.729249 202.424
0.731225 202.442
0.733202 202.631
0.735178 202.648
0.737154 202.706
0.73913 202.724
0.741107 202.741
0.743083 202.775
0.745059 202.785
0.747036 202.861
0.749012 202.902
0.750988 202.965
0.752964 202.974
0.754941 202.976
0.756917 202.995
0.758893 203.005
0.76087 203.005
0.762846 203.009
0.764822 203.027
0.766798 203.039
0.768775 203.088
0.770751 203.094
0.772727 203.144
0.774704 203.164
0.77668 203.304
0.778656 203.385
0.780632 203.391
0.782609 203.400
0.784585 203.517
0.786561 203.592
0.788538 203.611
0.790514 203.689
0.79249 203.695
0.794466 203.808
0.796443 203.843
0.798419 203.852
0.800395 203.854
0.802372 203.898
0.804348 203.927
0.806324 204.037
0.8083 204.049
0.810277 204.134
0.812253 204.181
0.814229 204.286
0.816206 204.356
0.818182 204.393
0.820158 204.397
0.822134 204.534
0.824111 204.538
0.826087 204.735
0.828063 204.822
0.83004 204.935
0.832016 204.974
0.833992 205.447
0.835968 205.552
0.837945 205.607
0.839921 205.617
0.841897 205.984
0.843874 206.623
0.84585 206.735
0.847826 206.944
0.849802 207.192
0.851779 207.326
0.853755 207.861
0.855731 207.985
0.857708 209.156
0.859684 209.699
0.86166 209.752
0.863636 210.400
0.865613 211.451
0.867589 212.650
0.869565 212.758
0.871542 213.049
0.873518 213.538
0.875494 213.831
0.87747 214.921
0.879447 215.376
0.881423 215.453
0.883399 216.346
0.885375 218.513
0.887352 219.768
0.889328 220.002
0.891304 221.044
0.893281 221.108
0.895257 221.810
0.897233 222.628
0.899209 223.136
0.901186 223.697
0.903162 224.627
0.905138 225.594
0.907115 228.419
0.909091 230.381
0.911067 230.794
0.913043 230.898
0.91502 231.304
0.916996 232.168
0.918972 236.518
0.920949 240.037
0.922925 241.211
0.924901 243.907
0.926877 244.039
0.928854 250.571
0.93083 251.295
0.932806 262.857
0.934783 262.864
0.936759 263.496
0.938735 270.834
0.940711 275.839
0.942688 277.602
0.944664 279.367
0.94664 281.879
0.948617 282.731
0.950593 284.365
0.952569 293.769
0.954545 298.644
0.956522 299.290
0.958498 301.279
0.960474 305.503
0.962451 305.937
0.964427 306.170
0.966403 306.859
0.968379 306.964
0.970356 307.168
0.972332 307.743
0.974308 310.953
0.976285 311.185
0.978261 313.369
0.980237 314.160
0.982213 314.739
0.98419 316.037
0.986166 320.342
0.988142 321.541
0.990119 339.107
0.992095 395.226
0.994071 408.647
0.996047 419.823
0.998024 462.646
1 486.022
