2.834
1.171
1.049
13.722
10.551
11.258
28.686
20.858
18.089
22.710
25.287
31.838
1.294
0.839
0.794
8.166
6.910
11.819
17.790
22.328
23.513
22.658
23.097
21.802
1.215
0.943
0.812
99.720
10.406
8.421
36.959
23.421
23.484
54.505
25.265
72.433
1.250
0.884
0.813
10.078
6.417
31.856
19.305
19.968
23.101
24.766
22.963
24.105
44.040
0.997
15.239
4.814
9.215
21.301
18.180
23.226
24.841
22.162
26.297
3.613
0.869
0.840
5.759
8.915
7.871
21.891
38.809
28.884
24.306
30.069
30.316
1.303
0.860
0.807
9.623
8.985
9.692
52.936
22.196
20.736
21.438
24.937
22.049
3.639
1.202
1.032
9.264
3.177
10.557
22.002
26.585
21.396
29.537
50.134
23.838
21.176
1.079
1.068
4.792
6.695
9.351
23.050
22.672
24.162
24.037
21.701
25.615
1.233
0.863
0.851
6.213
16.019
7.185
22.117
22.685
24.038
36.030
29.049
26.828
1.169
0.880
0.827
11.920
6.666
4.976
24.029
21.156
25.694
21.820
22.530
24.831
17.452
1.098
14.629
77.966
8.828
23.761
21.828
20.354
25.269
22.208
24.263
1.254
0.883
0.869
8.664
6.420
7.031
26.244
23.158
19.333
24.172
22.224
22.092
1.224
0.862
0.869
11.156
6.882
7.031
27.851
18.619
21.226
21.326
36.404
27.171
7.606
35.539
0.886
10.233
46.736
5.827
21.757
19.052
23.225
28.218
22.662
26.270
1.178
0.879
0.822
9.047
5.457
9.447
24.703
24.665
36.247
44.232
26.085
46.624
35.211
9.291
17.202
11.935
24.118
23.660
20.735
23.408
23.765
22.492
1.239
1.152
0.813
15.431
84.096
11.293
21.946
18.015
23.059
22.574
24.865
24.191
26.551
5.354
8.090
11.994
19.352
18.759
23.735
28.058
25.341
21.515
19.908
1.195
0.845
0.890
7.914
10.188
8.048
62.382
19.184
21.282
20.678
24.800
21.034
1.215
0.876
0.846
22.462
5.448
11.780
24.707
22.284
23.016
22.051
21.943
23.891
1.475
4.697
1.131
11.278
13.043
5.307
21.217
23.233
21.358
48.005
22.921
22.740
1.216
0.863
0.829
4.656
10.216
7.441
92.923
20.481
23.084
25.975
30.401
23.484
1.857
0.909
0.856
14.456
9.689
13.072
20.428
35.745
22.699
24.594
19.968
25.621
1.347
0.871
0.803
10.624
7.097
8.641
19.011
24.047
34.400
21.867
1.343
0.887
0.876
14.080
8.759
8.551
24.446
20.073
20.564
38.062
26.739
48.493
1.189
0.891
0.896
7.286
7.047
8.397
25.102
94.712
23.292
24.804
21.084
20.166
1.180
0.861
0.804
10.845
6.833
8.408
20.760
40.916
21.707
28.476
31.306
19.922
10.296
12.721
11.257
19.981
21.248
18.067
23.953
21.165
20.028
1.533
1.020
0.810
10.134
5.766
7.674
22.570
23.594
27.392
35.543
24.495
22.767
1.228
0.852
0.828
9.547
7.190
7.887
23.522
20.848
22.926
23.736
22.901
24.240
4.082
1.015
1.032
4.514
7.898
33.165
23.060
25.725
23.189
1.258
0.877
0.819
8.646
7.019
9.313
19.590
18.708
21.592
21.436
22.551
21.271
1.269
0.989
34.332
7.606
12.691
21.550
22.190
20.887
20.749
24.403
25.756
1.476
0.879
0.853
8.222
6.929
8.665
45.233
20.730
20.094
22.105
21.299
21.071
11.919
1.121
1.081
4.322
8.446
6.850
20.774
22.838
18.694
21.354
25.761
31.580
55.111
1.096
10.171
12.160
11.578
20.934
22.981
21.202
21.162
23.161
23.879
34.705
10.943
6.835
7.989
21.550
20.249
21.972
22.259
23.249
21.486
1.608
1.824
1.565
34.231
9.370
10.023
42.832
21.667
20.928
33.804
21.376
22.850
1.253
1.614
2.023
6.581
7.141
7.914
22.940
23.142
23.094
23.660
23.512
1.259
1.929
1.132
24.748
8.507
13.722
25.550
26.464
22.830
21.721
21.501
1.237
0.891
2.839
7.530
10.738
7.287
25.077
19.830
2.625
1.148
5.785
14.420
7.489
21.179
19.463
19.767
26.328
24.914
25.520
1.418
11.031
1.138
9.772
7.951
6.134
23.986
23.368
21.008
21.476
24.679
23.797
1.243
0.850
0.804
9.259
74.935
11.452
25.505
21.179
19.452
21.935
23.464
23.761
1.378
0.905
0.830
9.150
8.694
5.125
21.523
20.106
20.394
22.724
23.067
22.625
1.202
0.921
3.143
12.224
9.597
10.564
18.582
31.464
19.642
22.724
22.340
24.588
1.202
0.868
0.842
10.443
5.149
4.987
30.825
20.834
23.402
24.031
23.582
24.898
1.220
0.857
0.832
11.552
5.653
10.126
21.713
19.756
21.690
24.192
23.260
23.780
1.994
0.908
0.921
25.483
18.793
22.417
19.944
24.432
22.740
1.231
0.859
0.864
7.253
7.129
12.547
24.444
23.221
23.658
21.576
21.118
37.134
42.686
0.863
3.018
7.734
10.322
7.512
25.084
27.129
20.517
51.857
20.367
20.590
1.834
0.860
0.818
11.525
15.889
8.657
21.317
19.547
22.003
22.011
20.941
22.911
7.836
10.668
1.866
38.546
6.933
4.966
80.371
22.839
24.285
25.063
23.072
24.053
31.335
0.949
0.859
7.624
10.568
9.883
21.196
19.267
19.251
24.283
24.316
21.227
1.270
0.863
0.861
7.861
8.227
6.022
22.725
21.554
21.125
25.183
20.452
21.462
1.187
0.867
0.812
10.594
15.346
11.302
68.146
24.008
21.718
23.898
24.012
27.114
32.872
4.800
0.949
11.812
7.444
7.672
22.689
18.819
21.884
22.264
22.157
22.446
1.268
0.847
0.836
7.054
6.779
12.401
24.599
25.149
21.116
20.019
25.056
23.551
1.305
2.181
51.967
5.884
6.980
5.159
22.251
20.199
20.613
22.506
22.169
25.203
1.234
0.866
0.839
21.764
6.924
4.203
22.190
22.974
18.035
26.025
23.365
20.072
1.231
0.854
0.830
6.776
7.161
9.465
28.091
25.969
25.737
25.226
22.983
19.853
95.417
3.756
1.154
39.806
5.421
9.507
20.557
22.285
33.425
23.155
23.175
20.084
1.155
0.879
0.836
7.161
6.998
11.090
21.765
22.747
24.024
23.252
28.059
25.871
32.697
0.894
0.824
7.124
7.270
7.931
19.927
22.522
25.761
31.295
22.725
30.978
1.188
0.882
7.546
9.111
27.942
7.040
20.153
21.874
23.571
24.695
23.050
25.346
60.249
10.259
4.658
7.071
21.317
23.311
20.730
22.851
24.075
21.613
1.319
0.869
0.837
69.315
11.099
7.589
20.912
19.340
21.528
23.712
1.202
0.862
0.832
6.094
7.134
12.013
34.019
22.317
22.883
23.007
24.599
23.346
19.218
1.186
1.078
9.676
6.210
8.084
23.833
22.728
20.861
22.048
20.593
19.915
1.414
0.864
0.831
7.141
6.198
3.162
20.569
23.545
28.967
23.203
30.785
24.128
1.167
0.860
0.841
8.380
5.801
10.400
21.893
17.889
22.874
23.858
63.283
44.855
1.157
1.573
1.606
6.987
5.065
17.834
25.250
23.129
25.677
25.125
22.506
26.317
1.189
0.834
0.821
15.371
34.919
3.751
39.157
24.614
21.400
30.113
23.547
23.499
1.173
1.577
1.522
40.248
6.490
8.443
23.292
23.415
23.928
24.048
21.498
20.080
1.615
1.340
1.094
13.219
10.229
8.324
26.342
20.692
17.516
24.492
23.086
24.664
1.200
1.235
0.851
9.009
10.700
12.095
22.792
22.770
26.553
91.391
27.017
1.205
0.856
0.835
8.873
14.211
6.240
23.128
19.992
18.653
22.724
22.569
20.138
42.867
0.878
0.802
8.399
7.826
2.861
24.468
26.520
43.640
23.821
25.551
20.946
1.214
0.846
0.800
15.843
14.022
12.373
20.110
24.582
28.166
24.018
25.495
21.380
16.313
1.823
1.074
12.737
6.926
21.577
24.200
20.078
35.163
55.035
32.101
2.803
0.937
0.890
15.803
8.406
10.362
25.769
19.554
21.797
23.113
26.541
25.494
1.225
0.877
6.279
35.589
8.543
8.594
21.638
27.498
41.160
21.634
31.139
24.076
7.088
1.103
1.121
42.455
9.207
9.934
19.236
22.172
23.885
21.799
23.352
1.234
0.861
0.831
14.258
21.463
14.007
31.068
22.439
21.043
23.735
32.502
21.835
3.346
0.859
0.790
7.428
14.091
15.736
32.081
36.688
22.368
27.103
22.651
24.110
4.890
1.085
1.116
12.575
10.548
15.960
18.867
18.620
22.722
27.003
23.179
25.641
1.194
3.669
1.697
7.335
7.043
7.882
34.791
24.466
22.185
29.610
23.748
30.452
1.136
0.854
0.820
34.094
7.338
10.699
55.409
24.010
19.948
23.002
23.326
29.630
1.178
0.880
0.849
20.503
10.253
6.806
21.966
22.723
21.366
21.665
24.387
22.163
1.273
0.846
0.835
9.756
4.319
11.868
21.855
23.597
23.609
25.557
25.454
23.156
1.198
0.863
0.856
6.456
10.731
10.830
39.248
44.125
23.426
24.283
22.304
19.904
1.182
0.841
0.806
10.688
13.446
11.949
21.511
21.385
22.988
25.568
22.674
30.725
1.729
2.024
1.604
9.969
9.885
12.863
89.210
21.799
22.248
19.848
28.777
22.831
1.202
0.860
0.804
13.625
13.183
9.325
22.938
22.293
22.795
20.135
24.198
22.459
1.242
0.898
0.990
57.803
5.458
8.043
24.356
23.644
23.540
24.677
24.214
23.372
1.252
0.854
0.874
9.644
24.419
25.671
23.106
22.798
26.119
22.686
12.628
1.944
1.361
7.289
9.726
30.731
19.787
21.048
21.797
22.052
25.597
22.812
1.215
0.850
0.840
9.526
6.864
10.908
34.725
27.236
19.562
22.199
25.770
32.706
1.185
0.866
0.810
52.110
15.866
20.515
22.716
1.162
1.385
1.363
6.003
7.099
7.784
24.353
27.784
22.728
4.369
1.098
1.078
9.358
14.048
7.240
26.740
19.971
26.013
25.215
26.248
23.889
1.252
0.886
0.815
7.603
9.659
12.291
20.140
18.110
23.517
24.398
23.363
23.295
1.253
0.863
0.832
24.378
14.820
8.029
24.820
20.748
32.394
24.643
1.191
0.864
0.818
15.185
25.799
27.212
39.189
25.524
26.256
22.534
23.219
27.727
1.320
0.874
0.836
35.063
13.145
33.135
21.863
22.087
22.649
25.963
21.765
26.585
1.201
0.855
0.824
39.350
9.838
14.913
25.661
21.531
20.871
24.011
23.071
23.416
1.412
0.855
0.833
7.541
6.631
27.813
23.675
27.463
21.941
24.074
23.235
23.063
1.257
1.088
0.872
12.466
7.343
14.072
19.501
18.998
22.781
23.885
26.575
24.566
1.275
0.857
0.833
30.977
21.542
7.889
28.717
23.348
23.688
26.857
25.068
21.290
1.252
0.854
0.852
9.922
15.484
9.217
18.337
24.061
37.489
25.692
20.996
22.395
1.197
0.852
0.795
29.074
9.302
7.978
17.639
19.193
24.992
24.684
43.911
24.264
1.575
1.092
1.092
10.027
7.019
10.319
23.342
21.438
41.817
21.638
21.244
21.793
1.193
0.882
0.854
20.495
8.516
7.035
22.675
20.261
20.044
23.377
8.359
5.977
4.058
21.966
19.753
18.843
21.671
20.727
22.401
1.422
0.810
0.831
7.613
9.268
5.540
23.075
22.867
23.186
27.617
23.503
22.201
1.155
0.878
3.382
95.379
12.266
9.924
19.221
25.877
32.565
21.107
21.189
23.725
1.239
0.868
0.830
5.774
10.122
4.012
23.915
22.903
24.222
36.915
22.096
25.178
1.257
0.853
0.835
57.879
5.132
13.343
21.593
20.742
28.645
23.787
1.225
0.858
0.830
34.691
8.064
13.190
23.859
20.448
22.823
23.502
21.846
21.601
1.192
0.866
1.094
9.092
15.019
7.898
22.376
19.702
19.472
21.298
21.287
21.759
5.554
1.077
1.045
8.679
7.024
8.743
21.923
19.706
22.458
23.163
21.426
22.808
1.287
0.984
0.939
8.411
7.115
8.069
86.383
22.087
22.342
19.891
1.892
1.317
1.002
76.978
6.987
7.964
19.099
17.557
24.159
22.736
26.470
52.352
1.237
0.876
0.843
8.925
6.751
7.716
51.130
22.043
25.549
27.973
2.589
1.473
1.024
5.762
6.727
9.026
23.232
23.543
23.753
1.277
0.930
0.825
18.324
18.009
15.012
25.191
22.243
51.769
29.622
21.867
1.198
0.863
0.849
10.516
27.490
12.585
23.504
23.014
25.656
34.787
23.133
22.991
25.435
22.555
7.861
26.207
21.249
33.016
23.389
22.786
24.505
3.137
1.060
5.879
10.363
4.217
6.718
23.316
20.246
20.661
25.513
23.727
53.554
1.251
0.908
0.920
10.592
6.862
8.133
23.183
22.179
22.767
24.114
21.843
21.434
1.265
0.866
0.807
9.154
9.287
7.741
22.201
22.103
21.566
25.078
22.900
23.686
1.214
0.863
0.801
7.301
10.830
7.278
65.257
22.524
22.379
23.511
21.655
19.875
1.216
0.878
0.786
11.323
11.114
7.956
21.984
21.655
18.391
22.935
22.537
24.492
1.224
0.849
0.796
28.785
6.836
7.067
22.282
21.064
23.671
23.772
25.729
1.305
0.890
0.765
16.183
15.541
8.586
24.919
23.576
22.099
24.585
22.645
29.077
19.455
1.147
1.066
12.430
7.879
28.518
18.558
21.713
19.808
30.454
20.109
1.198
0.932
0.835
7.804
12.522
4.925
26.017
38.199
21.436
23.088
24.598
23.843
1.222
0.812
0.816
11.081
6.611
8.027
56.496
18.559
22.224
23.572
26.665
29.994
1.194
0.843
0.803
11.587
9.915
11.109
21.942
21.268
18.989
25.299
24.424
25.419
1.206
0.865
0.877
9.872
14.797
10.181
20.497
24.119
27.115
25.898
23.964
27.660
1.201
0.835
0.825
22.157
21.117
20.947
20.106
25.242
22.130
1.885
2.097
28.678
18.572
21.230
31.586
23.322
23.936
1.172
0.848
0.906
10.837
5.873
50.259
51.273
22.416
21.595
24.419
23.001
21.370
2.298
1.127
0.862
25.650
13.476
14.067
21.942
20.523
21.038
23.692
23.516
22.423
4.531
1.051
5.085
11.525
5.703
12.313
21.727
21.098
20.850
23.720
21.614
19.847
1.101
0.806
0.773
7.624
8.125
7.045
19.517
19.133
22.096
32.338
1.180
0.869
0.802
9.358
6.478
11.383
26.739
23.283
23.168
25.271
34.333
22.226
2.939
0.877
3.939
10.481
6.915
9.437
25.308
18.992
22.376
21.787
24.889
22.012
1.560
1.091
1.065
5.232
8.282
6.392
19.437
21.873
20.315
21.618
23.391
22.609
1.373
0.872
0.819
10.145
6.361
7.153
22.739
21.948
22.430
23.075
24.766
23.685
9.130
7.704
9.859
23.856
23.307
26.017
33.892
23.218
29.792
1.258
0.879
0.830
8.869
15.608
7.841
34.758
49.699
21.122
21.767
23.189
23.787
11.662
11.899
7.002
29.722
20.870
24.892
23.741
20.385
21.899
1.214
0.849
0.817
9.599
6.285
10.770
25.079
32.031
19.864
33.448
24.386
24.762
1.213
0.853
0.820
12.892
7.101
6.351
26.931
27.260
21.048
25.420
25.461
1.198
0.855
0.836
10.781
7.174
14.956
23.848
20.206
21.249
21.165
24.718
22.342
3.743
2.365
4.111
14.388
9.090
47.014
24.551
21.243
23.479
29.282
29.187
30.843
2.076
0.860
0.829
7.029
8.207
7.904
22.051
29.297
26.550
20.972
21.161
21.916
1.484
0.882
0.827
99.535
4.609
7.552
22.073
23.076
20.853
23.366
23.110
21.581
1.479
0.902
1.018
17.694
8.325
5.925
21.051
39.907
20.666
38.668
24.073
33.187
1.206
0.833
0.815
7.949
12.522
6.479
24.388
22.743
21.402
31.091
20.902
21.574
4.428
1.038
1.762
10.038
6.180
3.896
24.822
22.253
23.416
24.220
21.875
19.862
1.203
0.872
0.802
9.225
5.246
6.858
21.635
25.506
19.750
24.285
22.079
1.226
0.870
0.751
9.824
7.092
10.565
20.733
25.284
19.633
23.416
22.677
24.170
29.559
2.927
2.381
12.900
5.236
7.036
22.677
21.752
21.094
23.094
25.492
21.230
1.205
0.866
0.838
14.989
7.431
3.687
21.050
21.611
25.563
20.783
23.880
25.038
1.739
0.878
0.843
29.145
7.203
8.576
23.647
23.045
22.344
21.363
23.079
21.582
1.269
0.855
0.800
8.790
10.473
28.704
48.884
23.281
20.520
21.048
23.304
38.272
1.216
0.857
0.806
8.599
5.527
11.894
25.209
17.590
20.659
23.643
23.585
21.896
6.660
0.953
0.823
32.367
10.140
12.752
23.839
19.996
22.615
24.186
22.787
24.589
50.418
5.969
7.933
24.331
22.791
23.889
24.913
21.628
1.212
0.858
0.840
8.383
3.004
8.391
26.756
18.949
25.094
29.962
21.957
24.043
1.308
0.859
0.859
10.057
9.276
5.823
18.739
21.898
21.886
23.934
26.836
19.894
11.919
2.057
1.056
34.172
7.089
12.376
40.562
29.535
22.352
28.535
21.428
27.313
1.271
0.896
0.854
8.922
5.125
10.525
48.287
21.094
24.874
22.970
22.123
22.224
1.248
0.850
0.867
5.863
7.171
18.010
74.204
29.282
22.060
1.210
0.870
0.835
18.555
8.407
13.909
54.561
22.573
1.184
0.837
0.826
5.707
12.258
5.917
20.528
21.169
20.001
24.165
80.100
12.434
40.170
27.672
21.870
23.422
26.612
27.545
1.796
2.977
0.988
14.640
8.209
8.645
21.066
20.909
22.932
24.974
23.183
22.206
1.218
1.880
2.310
6.799
7.779
27.501
71.624
20.265
24.093
20.104
25.777
21.385
1.904
0.851
0.835
43.712
3.641
6.553
21.595
20.623
21.117
21.483
23.493
23.666
1.231
0.851
0.753
8.932
11.851
10.446
22.011
22.773
19.450
21.533
20.308
20.287
1.280
0.893
0.849
11.007
10.002
7.979
21.568
23.331
20.396
21.573
23.613
23.588
1.600
1.115
1.103
9.397
6.045
6.086
37.021
20.133
21.219
22.033
26.701
22.512
1.760
0.844
1.254
15.017
16.623
14.191
24.408
23.110
25.366
23.480
22.994
23.293
3.568
1.046
1.041
5.787
6.195
7.352
23.089
42.648
21.092
21.919
23.174
24.996
1.286
0.861
0.846
8.612
6.393
13.037
21.963
23.470
23.158
23.156
24.676
23.736
10.995
1.077
1.087
6.636
4.133
9.465
20.056
19.055
19.267
22.593
23.963
24.451
24.735
1.229
1.009
7.481
6.344
13.451
53.777
20.089
18.920
23.575
23.176
24.175
1.199
3.316
0.802
9.508
11.322
6.631
19.046
61.500
26.509
28.501
39.195
23.962
1.219
0.848
0.875
17.888
5.514
7.060
24.026
36.815
47.987
36.776
24.597
1.195
0.870
0.827
7.032
5.607
5.716
36.256
28.256
31.464
26.562
22.344
40.396
98.316
1.099
1.110
22.120
21.674
27.188
25.139
25.595
19.910
1.203
0.855
0.831
7.595
5.957
7.123
27.789
20.899
33.022
21.249
27.849
1.184
3.043
0.983
4.896
15.888
5.531
46.084
19.723
22.401
25.076
21.628
28.548
1.204
0.861
0.801
10.392
10.848
7.157
21.415
18.734
23.656
25.392
25.154
23.696
7.430
6.309
1.136
6.179
11.029
8.184
24.533
21.953
23.353
22.273
21.566
19.934
1.315
1.081
0.908
36.225
9.490
4.437
24.369
23.571
23.392
26.560
28.849
24.445
1.275
0.898
0.830
7.577
10.618
14.318
22.180
23.323
21.195
22.037
26.219
38.985
1.227
0.807
0.834
8.713
14.590
4.807
21.026
29.371
22.926
59.514
23.335
24.104
1.142
0.863
0.805
13.957
8.883
5.473
23.891
24.699
18.110
21.124
24.841
28.145
1.209
0.904
0.815
7.054
7.067
7.832
66.100
26.682
24.588
23.157
24.691
24.131
1.214
1.342
1.339
8.853
9.835
14.363
24.475
27.951
27.646
25.115
25.040
23.977
1.216
0.984
0.874
6.752
9.980
6.386
22.126
25.937
24.333
1.218
0.858
0.835
10.355
6.600
2.978
24.399
26.124
23.006
24.436
45.574
19.796
1.662
0.882
0.857
11.364
6.819
12.199
19.668
19.118
19.782
24.147
22.557
22.170
1.226
0.873
0.831
15.926
3.545
3.032
26.043
24.970
22.727
23.986
23.874
23.514
41.472
0.872
0.829
9.690
35.472
20.914
22.820
17.757
22.574
21.294
21.477
22.071
1.804
2.885
7.704
9.185
24.094
25.086
18.469
26.664
21.907
1.214
0.893
3.885
10.245
7.006
9.894
89.754
24.628
21.389
25.186
21.402
19.771
1.213
0.854
0.780
9.170
14.282
8.043
26.861
22.880
19.108
27.784
23.954
23.502
1.228
0.880
0.838
11.634
13.947
10.698
32.762
23.492
21.600
19.737
24.869
23.924
55.546
13.593
0.837
7.740
4.402
7.336
26.232
24.652
26.284
21.754
23.336
23.522
1.304
0.847
0.807
14.235
23.577
9.846
28.179
22.954
18.801
20.067
23.692
25.244
1.541
1.017
0.916
55.147
12.211
10.638
22.597
23.366
23.227
22.112
21.672
26.301
1.317
0.857
0.833
12.353
8.549
12.127
23.707
24.487
29.406
23.866
23.079
22.359
1.210
0.859
0.837
12.876
13.080
7.032
25.569
23.233
23.902
23.421
24.429
1.201
1.444
5.934
13.168
8.145
5.997
23.623
29.269
27.224
24.395
22.815
22.902
1.897
0.840
0.813
12.551
14.084
8.308
30.134
22.578
19.254
21.486
20.397
21.540
1.576
3.006
1.142
16.920
7.467
11.806
23.640
22.725
24.190
19.863
22.013
19.876
1.218
0.854
0.844
8.343
7.094
12.338
20.890
21.071
41.871
34.720
23.499
25.518
1.162
0.835
0.811
14.282
11.268
35.659
22.328
23.287
24.649
30.279
22.228
1.339
1.869
5.567
6.358
7.761
22.159
21.250
21.237
21.126
24.923
22.007
14.805
16.908
6.850
38.780
20.710
21.484
21.063
33.756
1.334
0.963
0.921
88.165
13.299
7.922
29.580
22.045
22.676
22.213
37.338
1.269
0.903
0.827
7.996
9.560
3.613
22.255
22.836
27.485
2.252
1.585
1.518
23.015
14.170
6.885
24.537
26.700
1.188
0.917
3.078
9.184
12.430
29.891
20.846
26.499
22.165
22.997
24.021
23.295
5.721
18.065
1.141
82.252
9.490
4.087
21.754
18.921
23.273
24.281
22.539
1.803
0.918
0.969
10.312
8.224
11.731
50.236
41.415
26.283
23.607
24.455
22.463
1.146
0.905
0.816
15.897
12.331
12.947
22.581
17.907
20.594
20.325
21.450
23.579
1.184
0.854
0.795
12.083
8.731
7.715
52.440
23.277
22.738
56.460
23.888
20.903
9.630
11.387
8.852
21.467
31.727
25.753
22.465
23.316
25.014
1.126
3.462
1.092
8.583
6.126
6.528
25.371
22.040
23.461
25.465
22.590
28.680
1.697
0.881
0.827
6.855
13.468
13.901
21.136
24.439
20.070
21.909
22.808
23.769
1.224
0.863
0.816
5.400
16.600
32.645
27.735
21.732
22.300
24.301
23.686
27.172
1.194
0.899
0.861
7.446
6.993
6.969
22.246
23.400
23.133
63.245
24.288
22.066
1.231
0.864
0.870
12.557
6.999
8.060
63.494
30.766
28.196
21.635
25.344
23.612
3.336
1.057
14.142
14.916
6.812
23.942
27.806
24.503
26.050
22.105
24.705
1.479
2.906
0.859
8.263
7.688
8.721
21.220
23.586
22.000
24.952
22.692
22.068
2.798
10.373
9.972
9.852
43.564
27.593
25.574
24.849
22.984
24.282
1.215
1.049
1.237
11.983
9.546
22.080
24.464
20.380
21.911
21.436
24.891
23.810
1.202
0.866
0.805
8.892
6.756
13.488
23.154
24.772
20.635
23.344
24.706
29.320
1.840
0.892
0.809
13.682
13.833
7.783
23.707
22.273
29.097
21.476
23.933
28.051
1.249
0.893
0.828
14.114
27.661
19.633
21.951
20.889
24.497
23.645
3.636
1.069
1.084
9.330
11.119
6.538
25.114
20.044
22.352
21.991
23.004
22.650
68.298
1.096
1.070
22.264
23.360
24.222
24.137
34.081
25.816
1.218
0.850
0.832
12.311
5.610
8.475
25.750
20.689
18.736
22.228
22.055
22.551
1.211
0.910
0.882
5.900
7.055
5.200
23.362
20.735
90.706
29.875
22.881
23.941
1.314
0.857
1.584
16.999
7.260
12.049
22.510
29.797
23.125
19.831
26.502
20.456
1.227
0.783
0.845
9.812
7.729
6.419
22.971
23.514
24.490
21.389
24.632
24.939
1.153
3.215
0.919
6.564
7.806
7.988
19.908
20.622
19.994
21.466
22.982
22.411
48.850
1.056
1.071
5.680
5.194
5.459
25.980
19.454
18.940
22.523
24.346
23.314
1.212
0.868
0.846
9.653
7.068
11.034
24.445
25.602
24.325
24.074
23.441
37.799
1.265
3.277
1.046
9.367
4.083
5.994
20.409
21.972
20.444
20.183
31.210
21.241
1.611
2.278
1.343
8.441
7.427
7.575
24.780
25.496
94.583
30.131
21.232
25.421
1.264
0.866
0.834
15.604
9.088
5.412
24.930
27.346
22.354
29.620
33.988
34.749
1.229
1.006
0.829
6.579
7.159
7.999
25.570
23.189
23.825
25.778
20.252
21.345
1.206
0.890
0.836
6.716
6.987
11.573
23.257
27.213
21.892
27.059
22.161
22.014
1.066
0.800
0.804
6.488
7.831
6.295
29.204
22.260
18.447
21.388
24.397
20.860
1.310
0.903
0.850
87.011
8.426
3.834
21.419
18.834
20.585
21.400
21.267
1.247
0.878
0.831
5.884
12.543
4.017
20.734
20.901
20.639
23.071
22.822
1.370
0.862
0.817
24.465
4.630
8.485
37.878
24.384
40.518
22.988
25.639
10.006
7.174
35.315
21.369
23.572
22.069
23.749
1.129
0.833
0.798
40.251
11.156
4.586
19.025
21.636
22.049
22.403
26.384
20.718
18.347
18.402
6.949
23.032
21.660
22.353
21.857
22.177
22.585
1.293
0.867
0.869
4.475
10.499
32.025
23.881
39.116
18.862
22.188
28.017
32.640
1.294
0.873
0.842
11.196
6.903
6.761
23.681
22.337
18.555
23.006
22.434
22.193
50.365
7.018
8.598
20.890
18.943
19.879
21.203
24.745
7.455
1.198
1.090
8.364
7.095
10.003
85.829
21.514
19.684
25.602
21.412
21.084
1.241
0.891
0.803
9.340
6.088
11.699
32.275
24.816
22.119
23.243
50.585
21.836
1.841
0.859
0.836
15.604
7.228
7.089
54.410
24.158
25.214
25.885
31.211
22.549
24.138
1.091
1.038
19.600
21.544
24.915
21.131
23.272
21.402
1.196
0.863
0.810
7.076
5.901
22.766
23.713
26.730
28.856
69.072
34.817
1.247
0.834
0.829
12.359
15.588
8.926
21.904
20.891
21.988
21.009
19.524
19.806
1.475
0.863
0.852
11.044
18.642
5.336
63.488
19.935
21.789
22.060
29.867
21.362
1.249
1.566
12.692
4.385
7.081
82.954
36.886
23.605
22.804
24.711
22.261
1.251
0.869
0.804
6.520
7.569
6.861
23.897
19.053
20.261
24.894
27.067
40.927
1.226
0.849
0.842
81.408
10.370
4.436
26.347
21.724
23.120
23.256
23.942
25.998
1.210
0.840
0.831
10.086
8.092
8.094
22.612
20.564
21.869
21.425
20.892
25.219
3.991
2.916
3.240
6.391
6.901
8.914
33.461
22.864
21.376
22.342
41.159
20.803
1.172
0.863
0.857
12.417
6.195
8.961
22.737
27.192
21.110
79.818
20.672
22.348
1.232
0.850
0.813
8.441
5.636
6.569
23.098
24.499
40.634
2.318
0.855
31.719
10.354
5.339
19.680
21.524
28.227
22.454
24.924
20.031
1.322
0.908
0.840
37.247
15.487
5.536
21.832
19.568
22.049
22.022
36.749
26.861
1.202
0.858
0.818
21.849
5.111
7.585
97.026
20.028
19.803
21.204
21.690
19.931
