196.853
306.859
201.052
202.266
196.322
204.181
204.049
203.088
198.486
203.808
199.515
200.205
203.005
221.108
203.385
196.768
199.267
194.678
201.449
195.421
197.741
316.037
194.491
195.271
204.822
194.369
197.003
199.443
199.602
198.566
192.541
195.319
205.617
223.136
202.416
212.650
202.902
195.902
194.827
202.248
204.134
197.741
213.049
202.255
201.889
197.495
201.356
199.768
250.571
207.861
204.735
199.367
198.173
199.305
195.113
194.454
197.980
197.043
198.871
206.735
197.724
195.170
200.289
195.504
213.831
201.958
197.869
199.189
195.201
202.974
197.994
198.635
196.230
197.107
*
195.676
240.037
199.437
198.106
198.934
196.096
199.049
194.430
199.609
195.325
195.179
202.424
202.965
199.574
201.298
195.760
201.930
197.723
198.565
196.249
200.913
196.875
199.929
198.864
197.854
198.411
197.700
196.003
203.144
201.474
200.621
198.958
195.024
*
201.282
201.435
211.451
197.331
197.554
199.297
192.149
200.457
193.668
200.747
194.143
195.672
199.145
198.882
205.447
196.125
197.449
194.555
293.769
196.534
199.222
197.265
462.646
203.898
197.816
194.483
197.362
201.789
203.843
200.118
206.944
204.356
198.023
199.692
199.366
306.170
199.000
201.301
196.145
202.861
198.259
205.607
199.530
225.594
199.418
203.592
207.985
198.400
202.015
203.027
195.928
201.373
236.518
194.438
195.171
197.952
486.022
199.666
197.743
192.983
198.266
281.879
209.156
196.701
263.496
198.726
212.758
195.809
277.602
193.284
201.110
206.623
230.794
197.844
262.864
200.515
194.416
196.877
215.376
301.279
199.314
200.249
220.002
193.178
201.147
196.844
198.321
195.686
199.202
195.639
228.419
195.676
196.050
230.381
195.649
194.074
209.699
199.398
195.915
209.752
192.867
198.850
230.898
282.731
203.164
194.185
198.124
200.488
194.194
194.607
195.261
197.208
192.858
199.246
204.037
195.570
198.964
198.234
192.276
*
202.190
199.638
193.447
193.985
194.003
191.430
200.791
199.532
195.300
193.968
203.005
200.294
196.124
198.543
201.967
194.779
196.532
207.326
*
194.311
203.611
197.450
200.898
216.346
197.206
192.470
202.785
214.921
194.385
200.579
195.731
197.084
198.380
195.839
200.011
194.862
197.681
196.237
203.854
202.775
192.860
193.237
196.565
196.987
199.592
194.773
196.673
197.141
197.893
198.475
202.631
200.453
195.472
207.192
275.839
197.490
197.854
203.517
195.816
201.919
196.600
193.401
202.107
200.248
194.531
200.982
196.153
195.533
200.322
196.845
203.304
298.644
193.399
314.739
201.457
243.907
202.995
198.431
194.590
221.044
195.517
202.335
196.049
196.064
204.538
199.816
215.453
197.662
193.538
202.241
202.724
197.586
198.576
270.834
193.697
195.047
199.626
199.027
198.995
199.996
193.014
202.407
200.755
192.518
199.039
196.819
194.006
198.799
251.295
195.460
200.880
194.029
199.237
199.190
200.450
195.004
200.098
197.198
195.165
195.298
203.009
204.935
205.552
202.648
198.783
196.643
198.730
197.801
195.239
202.706
200.861
194.415
196.762
197.697
200.558
192.114
202.146
199.255
201.437
199.844
196.218
202.976
198.330
241.211
199.156
201.421
197.301
197.242
195.448
202.243
192.897
197.045
201.031
200.238
199.870
202.424
198.432
195.965
203.689
198.895
198.755
199.308
195.594
198.196
193.134
200.871
200.016
200.765
198.425
196.751
193.160
197.354
197.381
201.830
194.117
202.324
231.304
201.022
193.848
198.101
192.527
196.517
193.822
196.508
200.765
201.749
244.039
200.530
197.077
196.260
201.317
202.414
194.892
204.534
310.953
221.810
198.579
204.397
203.852
199.727
311.185
203.039
205.984
262.857
197.476
196.269
195.414
204.974
196.642
213.538
219.768
195.104
419.823
199.150
199.068
195.812
195.959
202.148
200.069
314.160
196.693
306.964
307.743
305.503
232.168
204.286
199.090
202.235
204.393
203.695
198.463
222.628
200.170
202.741
197.756
313.369
408.647
305.937
339.107
279.367
201.048
194.341
200.643
203.094
395.226
199.187
210.400
199.518
307.168
224.627
199.791
194.627
320.342
284.365
194.124
201.429
195.791
199.100
195.907
203.391
199.815
218.513
199.170
197.571
201.126
321.541
201.252
195.938
223.697
299.290
193.989
201.784
196.118
203.400
197.953
195.023
196.826
*
201.162
*
ms
199.248
202.442
203.927
