191.430
192.114
192.149
192.276
192.470
192.518
192.527
192.541
192.858
192.860
192.867
192.897
192.983
193.014
193.134
193.160
193.178
193.237
193.284
193.399
193.401
193.447
193.538
193.668
193.697
193.822
193.848
193.968
193.985
193.989
194.003
194.006
194.029
194.074
194.117
194.124
194.143
194.185
194.194
194.311
194.341
194.369
194.385
194.415
194.416
194.430
194.438
194.454
194.483
194.491
194.531
194.555
194.590
194.607
194.627
194.678
194.773
194.779
194.827
194.862
194.892
195.004
195.023
195.024
195.047
195.104
195.113
195.165
195.170
195.171
195.179
195.201
195.239
195.261
195.271
195.298
195.300
195.319
195.325
195.414
195.421
195.448
195.460
195.472
195.504
195.517
195.533
195.570
195.594
195.639
195.649
195.672
195.676
195.676
195.686
195.731
195.760
195.791
195.809
195.812
195.816
195.839
195.902
195.907
195.915
195.928
195.938
195.959
195.965
196.003
196.049
196.050
196.064
196.096
196.118
196.124
196.125
196.145
196.153
196.218
196.230
196.237
196.249
196.260
196.269
196.322
196.508
196.517
196.532
196.534
196.565
196.600
196.642
196.643
196.673
196.693
196.701
196.751
196.762
196.768
196.819
196.826
196.844
196.845
196.853
196.875
196.877
196.987
197.003
197.043
197.045
197.077
197.084
197.107
197.141
197.198
197.206
197.208
197.242
197.265
197.301
197.331
197.354
197.362
197.381
197.449
197.450
197.476
197.490
197.495
197.554
197.571
197.586
197.662
197.681
197.697
197.700
197.723
197.724
197.741
197.741
197.743
197.756
197.801
197.816
197.844
197.854
197.854
197.869
197.893
197.952
197.953
197.980
197.994
198.023
198.101
198.106
198.124
198.173
198.196
198.234
198.259
198.266
198.321
198.330
198.380
198.400
198.411
198.425
198.431
198.432
198.463
198.475
198.486
198.543
198.565
198.566
198.576
198.579
198.635
198.726
198.730
198.755
198.783
198.799
198.850
198.864
198.871
198.882
198.895
198.934
198.958
198.964
198.995
199.000
199.027
199.039
199.049
199.068
199.090
199.100
199.145
199.150
199.156
199.170
199.187
199.189
199.190
199.202
199.222
199.237
199.246
199.248
199.255
199.267
199.297
199.305
199.308
199.314
199.366
199.367
199.398
199.418
199.437
199.443
199.515
199.518
199.530
199.532
199.574
199.592
199.602
199.609
199.626
199.638
199.666
199.692
199.727
199.768
199.791
199.815
199.816
199.844
199.870
199.929
199.996
200.011
200.016
200.069
200.098
200.118
200.170
200.205
200.238
200.248
200.249
200.289
200.294
200.322
200.450
200.453
200.457
200.488
200.515
200.530
200.558
200.579
200.621
200.643
200.747
200.755
200.765
200.765
200.791
200.861
200.871
200.880
200.898
200.913
200.982
201.022
201.031
201.048
201.052
201.110
201.126
201.147
201.162
201.252
201.282
201.298
201.301
201.317
201.356
201.373
201.421
201.429
201.435
201.437
201.449
201.457
201.474
201.749
201.784
201.789
201.830
201.889
201.919
201.930
201.958
201.967
202.015
202.107
202.146
202.148
202.190
202.235
202.241
202.243
202.248
202.255
202.266
202.324
202.335
202.407
202.414
202.416
202.424
202.424
202.442
202.631
202.648
202.706
202.724
202.741
202.775
202.785
202.861
202.902
202.965
202.974
202.976
202.995
203.005
203.005
203.009
203.027
203.039
203.088
203.094
203.144
203.164
203.304
203.385
203.391
203.400
203.517
203.592
203.611
203.689
203.695
203.808
203.843
203.852
203.854
203.898
203.927
204.037
204.049
204.134
204.181
204.286
204.356
204.393
204.397
204.534
204.538
204.735
204.822
204.935
204.974
205.447
205.552
205.607
205.617
205.984
206.623
206.735
206.944
207.192
207.326
207.861
207.985
209.156
209.699
209.752
210.400
211.451
212.650
212.758
213.049
213.538
213.831
214.921
215.376
215.453
216.346
218.513
219.768
220.002
221.044
221.108
221.810
222.628
223.136
223.697
224.627
225.594
228.419
230.381
230.794
230.898
231.304
232.168
236.518
240.037
241.211
243.907
244.039
250.571
251.295
262.857
262.864
263.496
270.834
275.839
277.602
279.367
281.879
282.731
284.365
293.769
298.644
299.290
301.279
305.503
305.937
306.170
306.859
306.964
307.168
307.743
310.953
311.185
313.369
314.160
314.739
316.037
320.342
321.541
339.107
395.226
408.647
419.823
462.646
486.022
